PBest position: [0.10058283022904746, 0.11859816138782303, 194.74353375005026, 0.0946978231845609, 1.1906199550692809, 0.6810380377071452, 1.769661898671246, 248.18394578304864, -480.6433080700699, 0.13611520208368721, 0.7838712262867633, 0.2682019195612774, 0.7667331993321889, 0.5739176527731231]
NBest position: [0.10058283022904746, 0.11859816138782303, 194.74353375005026, 0.0946978231845609, 1.1906199550692809, 0.6810380377071452, 1.769661898671246, 248.18394578304864, -480.6433080700699, 0.13611520208368721, 0.7838712262867633, 0.2682019195612774, 0.7667331993321889, 0.5739176527731231]
Curr. position: [1.0E-4, 0.01607476429630389, 257.7886771465946, 0.14652331792771936, 1.4683827534271907, 0.8, 2.0, 216.98751615632088, -469.7542357061197, 0.1, 0.7428381964898406, 0.33191623099054157, 0.6690970214432349, 0.5306147219915114]

PSO Generation 3:
PBest position: [0.25636426587175537, 0.032979663339049184, 219.68748355514091, 1.0E-4, 1.3552183958341935, 0.733600946551774, 1.4523849476881439, 125.97149318299924, -79.06596793179773, 0.17312906138358564, 0.503762918136694, 0.45711929486460817, 0.7522453274183518, 0.2751984592395584]
NBest position: [0.25636426587175537, 0.032979663339049184, 219.68748355514091, 1.0E-4, 1.3552183958341935, 0.733600946551774, 1.4523849476881439, 125.97149318299924, -79.06596793179773, 0.17312906138358564, 0.503762918136694, 0.45711929486460817, 0.7522453274183518, 0.2751984592395584]
Curr. position: [0.37744501378920725, 0.01, 192.23795760373892, 1.0E-4, 1.4751286162158879, 0.7638449193058982, 1.652417045562184, 1.0, -57.0690544298384, 0.13491998645736442, 0.41063270078750663, 0.4275229552061536, 0.8785006825680901, 0.1770425476267924]
fitness: 4185

# level 04, gen = 10
Particle. PBest: 2393.0, NBest: 2393.0
PBest position: [0.16171229675196455, 0.10564955661865752, 275.3457288021586, 0.5, 0.7296682724643355, 0.6873871590135449, 1.1730590173098663, 164.0711748845678, -289.8407871595332, 0.27775198338101825, 0.16505055476884103, 0.35097676532651295, 0.05525831385467834, 0.4460266203380563]
NBest position: [0.16171229675196455, 0.10564955661865752, 275.3457288021586, 0.5, 0.7296682724643355, 0.6873871590135449, 1.1730590173098663, 164.0711748845678, -289.8407871595332, 0.27775198338101825, 0.16505055476884103, 0.35097676532651295, 0.05525831385467834, 0.4460266203380563]
Curr. position: [0.23047449197252248, 0.0887025031076401, 159.74138730936926, 0.5, 0.5525483117214547, 0.6475888718262995, 1.0, 123.15648262042029, -207.52739247030033, 0.3804382715432782, 0.10501868035872922, 0.1273089437551974, 0.0615082291025509, 0.34104843892037917]
Global best fitness: 2393.0

Particle. PBest: 2938.0, NBest: 2938.0
PBest position: [0.25187845645738716, 0.023253859361641323, 1.0, 0.5, 0.7628353132243385, 0.5, 1.0858424293672853, 303.0421972104428, -308.10359816153147, 0.1, 0.614200128478722, 0.6095090489874999, 0.0, 0.41597313686086757]
NBest position: [0.25187845645738716, 0.023253859361641323, 1.0, 0.5, 0.7628353132243385, 0.5, 1.0858424293672853, 303.0421972104428, -308.10359816153147, 0.1, 0.614200128478722, 0.6095090489874999, 0.0, 0.41597313686086757]
Curr. position: [0.26940375291117086, 0.03292652592376716, 1.0, 0.5, 0.8307622820339732, 0.5, 1.1484902343195302, 341.4170952622352, -210.54888511978407, 0.1, 0.7773106050853431, 0.6575439282528197, 0.0, 0.501986575702209]
Global best fitness: 2938.0